-5063.9
-9567.8
-24143.6
-24563.9
-24554.4
-24994.7
-25421
-34649.4
-35062.6
-35491.8
-47523.4
-47963
-63036.3
-182318.4
-182297.5
-182706.4
-183116.8
-214886.2
-215287.6
-250589.3
-289128.7
-9408.6
-67412.5
-48524.5
-49310.4
-50086.8
-58179.9
-58625.6
-71108.3
-71441.6
-71850.4
-72616.7
-68733.9
-70198.5
-81508
-94325.9
-95101.7
-125200.3
-118341.3
-203595.7
-363148
-428325.9
-499659.9
-577474.4
-390595.5
-228833.1
-273695.9
-297007
-335874.8
-351351
-365492.4
-313790.5
-275254
-336290
-344244
-203682.3
-881916.3
-340210.2
-1018471.7
-274548.3
-1178891.3
-320962.6
-523582.7
-196431
-432438.6
-1336756.4
-115878.9
-370254.8
-222201.4
-402212.7
-141454.6
-172357.9
-476578.3
-298405.3
-1202794.3
-270129.2
-73197.7
-73196.2
-73174.2
-73981.1
-73973.6
-74754.7
-97878.7
-97869.9
-97858.9
-97851.9
-97867.2
-98643.2
-98652.4
-99422.8
-99424.2
-122524.2
-145726.5
-149972.9
-212261.9
-602159.9
-890527.5
-60149.3
-83302
-153744.2
-153746.7
-207794.5
-119080.4
-143738.6
-131284.1
-84033.2
-116499.1
-84810.8
-84819
-95755.1
-96500.6
-96526.8
-142959.3
-97287.6
-97275.3
-299151.1
-347112.2
-299922.4
-299921.3
-111587.4
-338460.5
-337684.6
-107194.2
-121201.8
-143755.6
-158823.1
-384911.9
-363128.6
-121959.2
-121946.3
-109475.1
-144307.2
-346981.7
-131877.7
-155789.6
-736.9
-250179.5
-48071.2
-48878.6
-96117.8
-72199.6
-72189.8
-96860.6
-274847.8
-49664.1
-74334.8
-99006.1
-128685.7
